XLOC_000760 14.8237 12.1513 18.7797 12.8155 29.0496 24.2263 14.3578 24.0065 8.55316 21.8423 23.0513 24.359 22.2203 27.1903 21.0361 37.478 28.1448 24.1601 6.19391 13.0294 12.4495
XLOC_001492 704.137 701.033 1083.77 193.065 141.694 217.097 331.739 359.855 396.933 186.367 218.19 123.502 306.061 158.008 275.504 170.79 138.393 99.237 474.677 422.93 313.479
XLOC_002978 30.4372 9.47679 0 350.118 241.187 473.956 1469.3 1546.71 1938.7 669.33 764.373 976.036 862.744 1166.65 1560.79 352.075 613.103 433 2523.25 1673.22 1401.59
XLOC_002981 0 0 0 149.221 58.3723 70.8406 304.773 383.657 408.551 364.038 351.556 205.427 346.013 383.321 295.951 206.643 304.1 250.926 1014.46 593.172 475.908
XLOC_003533 1.83959 0.791679 0.906303 174.396 281.664 210.059 122.1 155.851 133.039 233.3 287.179 268.036 209.885 322.299 265.421 411.74 334.988 295.01 74.5752 152.293 201.62
XLOC_004438 406.08 172.523 348.825 369.968 242.418 140.517 266.05 271.692 475.682 391.356 224.415 212.765 269.467 447.501 535.224 239.864 211.03 253.983 405.337 364.623 308.083
XLOC_005480 140.657 100.447 134.2 213.624 95.0967 131.657 260.516 287.6 349.302 304.18 169.614 220.72 251.488 166.947 158.314 72.4456 169.577 104.6 443.565 302.875 190.521
XLOC_007708 0 0 5.07836 205.675 140.359 145.559 69.3145 116.982 106.413 108.583 112.797 154.408 71.8848 56.7781 86.5508 54.7254 71.2625 89.0729 146.402 148.341 120.936
XLOC_008427 0 0 0 7095.44 6587.93 7460.45 929.434 812.104 911.611 2636.15 1669.14 1696.54 1535.1 1178.49 1043.31 4753.02 3384.54 3378.52 573.958 804.708 1067.2
XLOC_009090 0 0 0 631.361 548.983 667.323 659.525 681.234 452.418 371.79 236.45 115.45 805.058 578.088 743.323 1740.23 2248.02 1467.53 441.329 932.286 745.912
XLOC_009314 6.82474 4.82285 6.54042 269.96 186.415 211.182 345.236 320.871 413.108 75.2498 144.796 124.208 484.954 433.067 439.827 297.32 323.585 374.3 450.649 561.922 455.49
XLOC_012006 60.6339 44.0895 33.6489 421.247 509.532 454.522 173.05 189.886 176.418 475.265 399.695 531.052 213.795 289.693 284.865 264.205 261.75 234.141 167.117 164.234 176.611
XLOC_012119 92995.7 68144.4 59139 34014.9 41749.4 40264.3 85206.1 67989.6 66891.4 47220.3 51400.5 50061.6 67856.8 60065 59070.4 26974.2 35450.3 29044.3 99614.1 74336.9 95473.7
XLOC_012168 960.003 610.371 1079.02 346.251 279.657 148.38 628.997 326.231 732.866 213.511 259.321 280.71 340.215 278.724 416.303 168.176 200.445 133.981 937.795 617.085 630.893
XLOC_012990 67.2379 71.4894 58.4576 130.251 114.642 105.005 104.214 91.2172 128.367 223.075 182.805 191.342 96.6264 86.5597 138.736 59.4539 66.0111 77.6696 178.869 118.843 94.795
XLOC_013523 48.0147 40.7704 35.4704 129.037 98.8565 68.9609 191.839 113.539 139.314 148.441 136.276 137.874 82.4808 129.725 159.223 67.2439 70.0828 46.1098 185.727 183.454 149.553
XLOC_016278 18.7831 48.5004 37.0153 341.003 386.48 419.612 286.527 462.559 369.834 378.876 660.542 562.367 732.44 753.632 521.838 1000.23 766.301 785.129 424.725 548.259 713.494
XLOC_016354 77.2299 66.4725 73.6426 45.2287 30.3106 51.622 56.4293 49.6653 51.7479 41.958 58.8243 52.2546 40.9655 61.065 47.9469 26.2939 32.3393 38.4392 65.5819 59.8854 65.3425
XLOC_016909 1656.16 912.188 954.397 1602.13 1940.82 1909.35 1628.85 1386.56 1134.52 1608.89 1507.66 2083.91 1654.7 1914.46 1864.81 3183.64 2940 2733.95 1059.26 1797.8 2176.77
XLOC_016937 102.381 58.5554 136.157 1199.63 1001.51 1062.29 562.4 593.679 520.772 1405.25 1207.67 1213.83 658.189 664.316 563.025 997.366 1009.73 1186.4 693.185 651.141 509.154
XLOC_019999 15.242 8.72989 10.3157 49.021 48.9638 54.125 76.6733 91.124 83.9562 75.05 76.8033 78.1545 115.275 28.4776 82.9879 34.4318 43.446 69.2408 87.7305 95.5444 63.9042
XLOC_021035 1103.61 1116.09 1384.32 877.545 570.595 699.498 1007.92 923.279 1141.16 766.373 694.478 611.18 897.65 734.914 1034.26 704.851 799.736 763.198 1221.98 1051.49 954.422
XLOC_023102 1963.36 1493.51 1732.16 706.263 516.395 408.845 1311.54 863.027 1275.87 444.185 744.579 442.572 1000.81 545.508 665.126 551.155 555.025 573.039 1659.23 1092.55 1235.64
XLOC_023953 106.851 65.6913 48.13 78.6255 78.6566 104.773 108.664 93.0819 71.3399 64.5695 87.4221 71.2639 119.046 100.665 108.982 163.059 137.76 155.016 49.4559 94.3524 106.303
XLOC_024719 37.768 30.0994 28.9444 111.621 132.147 94.201 158.585 149.274 216.706 228.24 221.364 253.65 108.327 122.045 122.449 53.6858 44.098 59.255 160.511 123.108 108.168
XLOC_025104 6635.74 5560.16 4088.71 5156.47 6250.38 6981.4 11505 2160.09 5725.46 17261.3 12083.5 12337.1 6717.53 6083.58 9456.01 3132.63 4218.94 3339.39 15507.9 8873.89 5963.67
XLOC_026030 297.256 407.323 494.011 3096.09 3030.25 3094.64 1557.33 1904.29 1636.65 3096.31 2673.74 3254.1 2853.41 3604.04 2884.43 3014.34 3454.39 2925.66 1652.35 1765.78 1990.85
XLOC_028449 206.411 241.735 362.472 671.624 484.265 561.275 1212.15 1012.88 1572.38 1086.16 1057.67 781.423 666.646 647.476 612.579 423.521 464.679 446.305 1362.37 974.152 584.863
XLOC_029182 69.123 51.375 18.5663 57.0382 30.354 33.567 37.6056 67.5465 57.1021 72.6033 55.2424 47.8298 103.326 93.1298 100.457 179.872 191.302 147.198 125.121 127.883 71.0383
XLOC_029864 137.326 122.164 166.944 191.328 157.318 169.355 226.481 152.15 229.827 138.091 179.432 210.686 268.909 224.44 197.591 377.947 324.089 278.789 157.597 194.585 304.372
XLOC_030437 157.054 124.78 110.111 109.665 49.716 92.897 145.199 69.6559 121.551 93.4535 71.3147 75.6115 63.8537 55.5234 62.8154 53.1284 56.9422 50.8376 112.126 112.791 101.07
XLOC_030524 312.9 252.728 268.843 546.444 545.66 533.103 669.232 682.194 632.395 698.991 765.85 727.654 807.304 769.485 708.051 1129.34 980.295 916.778 655.161 729.454 875.549
XLOC_033341 2176.51 1592.89 1763.93 1878.31 1405.85 1101.46 2507.13 1568.83 2044.77 2866.7 2168.96 1997.99 1099.02 1607.14 1565.14 1049.81 1263.77 1118.5 2023.1 1720.33 1578.45
XLOC_033498 1470.91 976.631 1213.58 578.192 593.384 585.357 806.56 942.498 814.413 616.332 638.792 634.719 643.865 754.032 762.974 661.56 624.25 553.382 960.563 1005.09 788.43
XLOC_034163 965.344 772.689 659.977 342.869 344.568 305.243 597.276 470.814 595.948 410.081 461.563 422.891 467.921 378.327 420.955 287.408 314.321 341.89 558.051 456.481 466.226
XLOC_037079 505.558 126.265 167.518 109.92 88.1029 93.5708 259.998 186.195 250.317 369.957 91.2947 283.496 107.459 145.588 102.268 105.104 115.893 82.5299 192.188 221.366 139.302
XLOC_038523 0 0 3.04494 19.5718 27.6038 19.9117 42.8573 21.7445 38.0974 29.0504 37.2236 27.1361 30.1508 31.535 24.0883 14.5388 19.0978 13.8734 31.2237 33.1641 39.092
XLOC_038907 64.8374 89.2899 121.385 227.209 176.332 191.029 341.677 344.686 328.276 172.686 169.381 149.157 383.816 380.287 330.077 474.874 513.008 505.659 288.846 331.194 328.388
XLOC_039678 91.8926 39.5471 33.9554 204.596 164.411 248.871 143.36 164.292 109.664 211.469 144.263 182.636 192.946 249.356 248.682 326.954 392.597 226.28 93.0386 186.952 289.96
XLOC_040287 54.1234 69.8939 56.0287 66.4514 81.3349 60.2378 123.095 102.288 105.387 113.998 63.4475 83.9375 76.2848 62.3818 75.2747 63.8842 71.8107 62.8222 119.369 86.0468 101.012
XLOC_041726 53.2926 67.3497 44.62 54.1083 52.1046 37.2316 38.3981 52.3233 48.4148 44.958 43.401 50.2965 40.5579 28.5162 41.5815 31.1765 27.3757 35.7719 63.256 56.0122 34.7115
XLOC_042392 644.137 498.59 593.61 826.032 738.953 700.158 959.104 686.439 844.821 719.89 667.611 758.697 514.494 610.434 570.66 576.562 708.055 607.015 1020.06 839.29 981.531
XLOC_043292 277.142 302.398 294.709 319.789 233.115 188.511 178.63 204.576 308.82 278.894 216.194 197.003 157.452 204.77 184.4 124.864 138.358 205.896 366.536 210.709 174.018
XLOC_044552 23.175 22.8032 40.076 69.0544 51.8544 58.0373 65.764 47.5552 71.1918 93.2487 48.6998 29.9807 49.1564 48.0244 69.6586 38.3783 27.0719 57.0415 72.5495 94.0115 89.0079
XLOC_044715 19.5071 16.79 25.6281 10.9813 11.6341 27.3683 42.081 55.9184 64.7185 20.3744 35.9336 39.5963 36.659 43.6405 34.3136 20.7965 24.1164 27.3622 65.8355 69.7785 55.8689
XLOC_044960 35.1444 49.0816 27.9795 133.977 81.1978 93.662 172.619 124.576 137.368 118.202 84.4297 116.7 90.1993 109.765 103.697 52.2228 65.365 68.1294 195.079 178.536 102.836
XLOC_048051 0 0 0 250.204 185.129 122.941 237.688 141.933 235.676 505.676 273.024 673.537 347.897 189.557 250.932 350.487 400.255 283.523 286.816 202.506 154.038
XLOC_048053 0 0 0 19.1096 16.887 93.3093 161.73 236.562 313.027 291.857 162.648 312.724 237.825 243.385 208.997 196.452 176.413 230.306 226.399 456.124 364.91
XLOC_049362 11.2586 19.3809 22.1871 104.576 112.807 164.033 15.6132 8.80189 29.2325 123.471 90.4985 125.693 31.7369 78.8473 45.4334 118.828 121.79 85.2781 30.3978 19.3311 50.9132
XLOC_053121 134.719 69.5727 141.594 284.396 401.736 410.006 228.343 305.434 307.039 246.241 266.211 215.728 354.442 296.147 211.884 496.939 444.137 466.121 163.681 200.471 312.733
XLOC_053330 14.1932 20.8678 13.9849 309.3 379.846 411.255 71.5452 83.2216 79.8465 282.004 328.003 384.757 204.949 250.276 158.905 103.223 107.869 249.488 47.8343 23.2478 94.419
XLOC_053678 0 4.26125 0 14.6319 26.5744 16.0292 27.4629 21.2879 29.9941 36.8431 9.94891 30.1483 23.2599 27.4488 26.1261 9.50056 9.181 22.2223 53.4683 29.7521 42.5381
XLOC_054617 42.3256 108.829 65.9281 559.709 524.36 490.216 255.685 410.917 270.801 292.975 281.088 333.138 394.366 432.634 324.7 515.289 535.62 506.63 250.089 367.992 307.906
XLOC_055415 131.948 183.458 170.018 179.983 806.316 693.385 375.349 559.422 351.381 719.551 1096.31 1140.01 247.965 622.158 412.845 620.028 467.483 387.246 226.084 270.123 339.654
XLOC_057075 123.35 39.8132 45.5779 505.102 390.362 586.778 627.215 494.222 525.258 403.816 302.099 305.466 519.605 348.983 430.761 425.934 337.812 386.876 633.498 694.348 592.669
XLOC_057611 216.211 147.298 162.535 781.701 641.516 674.103 662.298 779.373 721.109 471.754 483.948 674.658 632.989 478.16 478.943 932.106 904.009 964.098 586.348 644.195 735.43
XLOC_057756 141.061 179.774 126.118 243.019 479.059 414.724 344.499 563.853 349.086 609.897 778.962 680.331 1219.07 774.232 597.489 920.961 705.481 758.204 270.863 376.363 413.619
XLOC_057775 95.1666 218.429 281.313 249.878 289.665 298.042 202.812 377.176 226.399 406.689 157.449 344.727 117.403 194.353 191.624 102.035 203.598 258.276 623.051 348.126 337.376
XLOC_061083 88.2976 107.482 50.5791 127.609 71.0813 78.3498 137.584 92.1808 141.474 105.162 72.8295 84.6867 23.2652 81.1712 51.9078 53.2357 48.3556 48.4101 218.251 134.144 136.616
XLOC_061264 226.458 410.82 195.411 1810.22 1705.03 1712.4 2203.93 2209.04 1998.84 2295 1943.72 1933.07 2002.89 1702.45 2077.13 1305.83 1186.45 1424.27 3282.45 2933.2 2411.19
XLOC_062234 52.8404 72.6006 87.4683 127.191 73.0137 102.4 156.916 207.134 251.55 91.3575 124.002 140.523 108.202 105.293 126.136 46.2209 90.8388 96.8215 155.717 233.155 107.664